Xjk=	[[41  0  0  0  0 27 43  0  0  0  0  0  0  0  0  0  0 76  0  0 63  0  0  0
   0  0  0 90  0  0  0  0  0  0  0  0  0  0  0 78  0  0  0  0  0  0  0  0
   0  0]
 [ 0 47  0  0  0  0  0  0  0  0  0  0 40  0 48  0  0  0  0  0  0  0  0 65
   0  0  0  0  0  0  0  0  0 56  0 72  0  0  0  0  0  0  0  0  0  0  0  0
   0 94]
 [ 0  0  0  0  0  0  0  0  0 44 37 99  0  0  0  0  0  0  0  0  0 30  0  0
   0  2  0  0 94  0  0  0  0  0 29  0 66  0  0  0  0  0  0 27  0  0  0  0
   0  0]
 [ 0  0 75  0  0  0  0 52 79  0  0  0  0  0  0 29  0  0 70  0  0  0  0  0
   0 48  0  0  0  0  0  0  0  0  0  0  0  0  0  0  0  0  0  0  0  0 52  0
   0  0]
 [ 0  0  0 41  0  0  0  0  0  0  0  0  0  0  0  0  0  0  0  0  0  0  0  0
  57  0 47  0  0 72  0  0  0  0  0  0  0 39 24  0  0  0 53  0  0  0 32  0
  54  0]
 [ 0  0  0  0  0  0  0  0  0  0  0  0  0 20  0  0 84  0  0 83  0  0  0  9
   0  0  0  0  0  0 14 50  0  0  0  0  0  0  0  0  0  0  0  0 72  0  0 91
   0  0]
 [ 0  0  0  0 60  0  0  0  0  0  0  0  0  0  0  0  0  0  0  0  0  0 34  0
  30  0  0  0  0  0  0 44 59  0  0  0  0  0  0  0 48 12  0  0  0 33  0  0
   0  0]
 [ 0  0  0  0  0  0  0  0  0  0  0  0  0  0  0  0  0  0  0  0  0  0  0  0
   0  0  0  0  0  0  0  0  0  0  0  0  0  0  0  0  0  0  0  0  0  0  0  0
   0  0]
 [ 0  0  0  0  0  0  0  0  0  0  0  0  0  0  0  0  0  0  0  0  0  0  0  0
   0  0  0  0  0  0  0  0  0  0  0  0  0  0  0  0  0  0  0  0  0  0  0  0
   0  0]
 [ 0  0  0  0  0  0  0  0  0  0  0  0  0  0  0  0  0  0  0  0  0  0  0  0
   0  0  0  0  0  0  0  0  0  0  0  0  0  0  0  0  0  0  0  0  0  0  0  0
   0  0]]
Uj=		 [[1, 1, 1, 1, 1, 1, 1, 0, 0, 0]]
Dk=		 [41 47 75 41 60 27 43 52 79 44 37 99 40 20 48 29 84 76 70 83 63 30 34 74 87 50 47 90 94 72 14 94 59 56 29 72 66 39 24 78 48 12 53 27 72 33 84 91 54 94]
Optim        = 119206
