Xjk=	[[99  0 77  0 28  0  0  0  0 54  0  0  0  0  0  0  0  0 24 98  0  0  0 15
   0  0  0  0  0  0  0  0  0  0  0  0  0  0  0  0  0  0  0  0  0  0  0 24
   0  0]
 [ 0  0  0  0  0 40  0  0  0  0  0  0 79  0 16  0  0 45  0  0  0  0  0  0
   0  0  0  0  0  0 76  0  0  0 33 95  0  0  0 13  0  0  0  0  0  0  0  0
  61  0]
 [ 0  0  0  0  0  0  0  0  0  0  0  0  0  0  0  0  0  0  0  0  0  0  0  0
   0  0  0  0 38  0  0 88 67  0  0  0 63 23 53  0  0  0  0 31  0  0 58  0
   0  0]
 [ 0 46  0  0  0  0  0  0  0  0  0  0  0 46  0  0 34  0  0  0 40 92  0 72
   0  0 70  0  0  0  0  0  0 10  0  0  0  0  0  0  0 44 33  0  0  0  0  0
   0  0]
 [ 0  0  0  0  0  0  0 89 49  0  0 79  0  0  0  0  0  0  0  0  0  0 66  0
   0 68  0 19  0  2  0  0  0  0  0  0  0  0  0  0  0  0  0  0  0  0  0  0
  32 68]
 [ 0 32  0 28  0  0 81  0  0  0  0  0  0  0  0 42  0  0  0  0  0  0  0  0
  33  0  0  0  0 14  0  0  0  0  0  0  0  0 35  0 44  0  0  0 48 97  0  0
   0  0]
 [ 0  0  0  0  0  0  0  0  0  0 69  0  0  0  0 39  0  0  0  0  0  0  0  0
   0  0  0  0  0  0  0  0  0  0  0  0  0  0  0  0  0  0  0  0  0  0  0  0
   0  0]
 [ 0  0  0  0  0  0  0  0  0  0  0  0  0  0  0  0  0  0  0  0  0  0  0  0
   0  0  0  0  0  0  0  0  0  0  0  0  0  0  0  0  0  0  0  0  0  0  0  0
   0  0]
 [ 0  0  0  0  0  0  0  0  0  0  0  0  0  0  0  0  0  0  0  0  0  0  0  0
   0  0  0  0  0  0  0  0  0  0  0  0  0  0  0  0  0  0  0  0  0  0  0  0
   0  0]
 [ 0  0  0  0  0  0  0  0  0  0  0  0  0  0  0  0  0  0  0  0  0  0  0  0
   0  0  0  0  0  0  0  0  0  0  0  0  0  0  0  0  0  0  0  0  0  0  0  0
   0  0]]
Uj=		 [[1, 1, 1, 1, 1, 1, 1, 0, 0, 0]]
Dk=		 [99 78 77 28 28 40 81 89 49 54 69 79 79 46 16 81 34 45 24 98 40 92 66 87 33 68 70 19 38 16 76 88 67 10 33 95 63 23 88 13 44 44 33 31 48 97 58 24 93 68]
Optim        = 127278
