Xjk=	[[57  0  0  0  0  0  2  0 67 69  0  0  0  0  0  0  0 48  0  0  0  0  0 30
   0  0  0  0  0  0  0  0  0  0  0  0  0 67  0  0  0  0  0  0  0  0  0  0
   0  0]
 [ 0  0  0  0  0  0  0  0  0  0  0  0  0  0  0  0  0  0  0  0 33  0  0  0
   0  0  0  0  0  0  0 31  0  0 58  0  0  0 39  0  0 30  0 60  0  0 85  0
   0  0]
 [ 0  0  0  0  0  0  0  0  0  0  0  0  0  0  0  0 46  0  0  0  0  0  0  0
  78  0 84  0 96  0  0  0  0  0  0  0  0  0  0  0  0  0 54  0  0  0  0  0
   0  0]
 [ 0  0  0  0 81  0 47  0  0  0 64  0  0  0  0 39  0  0 68  0  0 33  0  0
   0  0  0  0  0  0  0  0  0  0  0  0  0  0  0  0  0  0  0  0  0  0  0  0
   0  0]
 [ 0  0 21  0  0  0  0 32  0  0  0 72  0 25  0  0  0  0  0  0  0  0  0  0
  11 36  0  0  0  0  0  0  0  0  0  0 72  0  0  0 20  0  0  0 17 75  0  0
   0  0]
 [ 0  8  0  0  0  0  0  0  0  0 31  0  0  0 13  0  0  0  0  0  0  0 69  0
   0  0  0  0  0 74  0  0  0  0  0  0  0  0  0  0  0  0  0  0  0  0  0 75
  56 38]
 [ 0  0  0  0  0 43  0  0  0  0  0  0 15 22  0  0  0  0  0 14  0  0  0  0
   0  0  0  0  0  0 62  0  0 95  0 92  0  0  0 31  0  0  0  0  0  0  0  0
   0  0]
 [ 0 78  0 84  0  0  0  0  0  0  0  0 33  0  0  0  0  0  0  0  0  0  0  0
   0  0  0 35  0  0  0  0 34  0 24  0  0  0  0  0  0  0  0  0  0  0  0  0
   0  0]
 [ 0  0  0  0  0  0  0  0  0  0  0  0  0  0  0  0  0  0  0  0  0  0  0  0
   0  0  0  0  0  0  0  0  0  0  0  0  0  0  0  0  0  0  0  0  0  0  0  0
   0  0]
 [ 0  0  0  0  0  0  0  0  0  0  0  0  0  0  0  0  0  0  0  0  0  0  0  0
   0  0  0  0  0  0  0  0  0  0  0  0  0  0  0  0  0  0  0  0  0  0  0  0
   0  0]]
Uj=		 [[1, 1, 1, 1, 1, 1, 1, 1, 0, 0]]
Dk=		 [57 86 21 84 81 43 49 32 67 69 95 72 48 47 13 39 46 48 68 14 33 33 69 30 89 36 84 35 96 74 62 31 34 95 82 92 72 67 39 31 20 30 54 60 17 75 85 75 56 38]
Optim        = 118501
