Xjk=	[[20 77 61 76 98 27 92  3  0  0  0  0  0  0  0  0  0  0  0  0  0  0  0  0
   0  0  0  0  0  0  0  0  0  0  0  0  0  0  0  0  0  0  0  0  0  0  0  0
   0  0]
 [ 0  0  0  0  0  0  0 82 44 17 56 62 29 33 40 78 44  0  0  0  0  0  0  0
   0  0  0  0  0  0  0  0  0  0  0  0  0  0  0  0  0  0  0  0  0  0  0  0
   0  0]
 [ 0  0  0  0  0  0  0  0  0  0  0  0  0  0  0  0 37 91 49 98 62 20 51 69
   0  0  0  0  0  0  0  0  0  0  0  0  0  0  0  0  0  0  0  0  0  0  0  0
   0  0]
 [ 0  0  0  0  0  0  0  0  0  0  0  0  0  0  0  0  0  0  0  0  0  0  0  4
  11 38 61 17 32 25 38 96 36 88 27  0  0  0  0  0  0  0  0  0  0  0  0  0
   0  0]
 [ 0  0  0  0  0  0  0  0  0  0  0  0  0  0  0  0  0  0  0  0  0  0  0  0
   0  0  0  0  0  0  0  0  0  0 40 52 22 81 71 39 46 78 18 17 10  0  0  0
   0  0]
 [ 0  0  0  0  0  0  0  0  0  0  0  0  0  0  0  0  0  0  0  0  0  0  0  0
   0  0  0  0  0  0  0  0  0  0  0  0  0  0  0  0  0  0  0  0 61 42 50 57
  88 96]
 [ 0  0  0  0  0  0  0  0  0  0  0  0  0  0  0  0  0  0  0  0  0  0  0  0
   0  0  0  0  0  0  0  0  0  0  0  0  0  0  0  0  0  0  0  0  0  0  0  0
   0  0]
 [ 0  0  0  0  0  0  0  0  0  0  0  0  0  0  0  0  0  0  0  0  0  0  0  0
   0  0  0  0  0  0  0  0  0  0  0  0  0  0  0  0  0  0  0  0  0  0  0  0
   0  0]
 [ 0  0  0  0  0  0  0  0  0  0  0  0  0  0  0  0  0  0  0  0  0  0  0  0
   0  0  0  0  0  0  0  0  0  0  0  0  0  0  0  0  0  0  0  0  0  0  0  0
   0  0]
 [ 0  0  0  0  0  0  0  0  0  0  0  0  0  0  0  0  0  0  0  0  0  0  0  0
   0  0  0  0  0  0  0  0  0  0  0  0  0  0  0  0  0  0  0  0  0  0  0  0
   0  0]]
Uj=		 [[1, 1, 1, 1, 1, 1, 0, 0, 0, 0]]
Dk=		 [20 77 61 76 98 27 92 85 44 17 56 62 29 33 40 78 81 91 49 98 62 20 51 73 11 38 61 17 32 25 38 96 36 88 67 52 22 81 71 39 46 78 18 17 71 42 50 57 88 96]
Optim        = 173567
