Xjk=	[[  0   0   0   0  22   0  39   0   0   0   0   0   0  97   0   0   0   0
   24   0   0   0   0   0  34   0  36   0   0   0  29   0   0  68   0   0
    0   0   0   0   0  13   0   0   0   0   0   6   0  52]
 [  0   0   0   0   0  16   0   0   0   0   0   0   0   0   0  95   0   0
    0  51  64   0   0   0   0   0   0   0  60   0   0   0   0   0   0   0
    0   0   0  31  11   0   0   0   0   0   0  78   0   0]
 [  0   0   0  39   0   0   0   0   0   0   0   0   0   0   0   0  20  83
    0   0   0   0  40  48   0  63   0   0   0   0   0   0   0   0   0   0
    0  88   0   0   0   0   0   0   0   0   0   0  42   0]
 [  0   0   0   0   0   0   0   0  33   0  31  60   0   0  44   0   0   0
    0   0   0   0   0   0   0   0   0  11   0   0   0   0  50   0   0   0
   18   0  34   0   0   0   0  26  20 100   0   0   0   0]
 [ 53  96   0   0   0   0   0   0   0  80   0   0  98   0   0   0   0   0
    0   0   0   0   0   0   0  17   0   0   0   0   0   0   0   0   0   0
    0   0  36   0   5   0  12   0   0   0  32   0   0   0]
 [  0   0  30   0   0   0   0  81   0   0   0   0   0   0   0   0   0   0
    0   0   0  39   0   0   0   0   0   0   0  69   0  57   0   0  31  38
    0   0   0   0  67   0   0   0   0   0   0   0   0   0]
 [  0   0   0   0   0   0   0   0   0   0   0   0   0   0   0   0   0   0
    0   0   0   0   0   0   0   0   0   0   0   0   0   0   0   0   0   0
    0   0   0   0   0   0   0   0   0   0   0   0   0   0]
 [  0   0   0   0   0   0   0   0   0   0   0   0   0   0   0   0   0   0
    0   0   0   0   0   0   0   0   0   0   0   0   0   0   0   0   0   0
    0   0   0   0   0   0   0   0   0   0   0   0   0   0]
 [  0   0   0   0   0   0   0   0   0   0   0   0   0   0   0   0   0   0
    0   0   0   0   0   0   0   0   0   0   0   0   0   0   0   0   0   0
    0   0   0   0   0   0   0   0   0   0   0   0   0   0]
 [  0   0   0   0   0   0   0   0   0   0   0   0   0   0   0   0   0   0
    0   0   0   0   0   0   0   0   0   0   0   0   0   0   0   0   0   0
    0   0   0   0   0   0   0   0   0   0   0   0   0   0]]
Uj=		 [[1, 1, 1, 1, 1, 1, 0, 0, 0, 0]]
Dk=		 [53 96 30 39 22 16 39 81 33 80 31 60 98 97 44 95 20 83 24 51 64 39 40 48 34 80 36 11 60 69 29 57 50 68 31 38 18 88 70 31 83 13 12 26 20 100 32 84 42 52]
Optim        = 117896
