Xjk=	[[ 0  0  0 81  0  0  0  6 59  0  0  0 19  0  0  0  0  0  0  0  0  0  0  0
   0  0  0  0  0  0  0  0 88  0  0  0  0 97  0 22  0  0 61  0 36  0  0  0
  54  0]
 [ 0  0  0  0 26  0 70 67  0 28 17  0  0  0  0 42  0  0  0  0  0  0 22  0
   0  0  0 88  0  0  0  0  0  0  0 84  0  0  0  0 99  0  0  0  0  0  0  0
   0  0]
 [ 0  0 46  0 11  0  0  0  0  0  0  0  0  0 64  0 42 77 85  0  0 22  0 31
   0  0  0  0  0 50  0 54  0  0 27  0  0  0  0  0  0  0  0 71  0  0 54  0
   0  0]
 [51 96  0  0  0  0  0  0  0  0  0  0  0 28  0  0  0  0  0  0 53  0  0  0
  49 95  0  0 46  0  0  0  0 78  0  0  0  0  8  0  0 82  0  0  0  0  0  0
   0  0]
 [ 0  0  0  0 20 66  0  0  0  0  0 70  0  0  0  0  0  0  0 19  0  0  0  0
   0  0  0  0  0  0  0  0  0  0  0  0 67  0 39  0  0  0  0  0  0 90  0 66
   0 78]
 [ 0  0  0  0  0  0  0  0  0  0  0 14  0  0  0  0  0  0  0  0  0  0  0  0
   0  0 19  0  0  0 46  0  0  0  0  0  0  0  0  0  0  0  0  0  0  0  0  0
   0  0]
 [ 0  0  0  0  0  0  0  0  0  0  0  0  0  0  0  0  0  0  0  0  0  0  0  0
   0  0  0  0  0  0  0  0  0  0  0  0  0  0  0  0  0  0  0  0  0  0  0  0
   0  0]
 [ 0  0  0  0  0  0  0  0  0  0  0  0  0  0  0  0  0  0  0  0  0  0  0  0
   0  0  0  0  0  0  0  0  0  0  0  0  0  0  0  0  0  0  0  0  0  0  0  0
   0  0]
 [ 0  0  0  0  0  0  0  0  0  0  0  0  0  0  0  0  0  0  0  0  0  0  0  0
   0  0  0  0  0  0  0  0  0  0  0  0  0  0  0  0  0  0  0  0  0  0  0  0
   0  0]
 [ 0  0  0  0  0  0  0  0  0  0  0  0  0  0  0  0  0  0  0  0  0  0  0  0
   0  0  0  0  0  0  0  0  0  0  0  0  0  0  0  0  0  0  0  0  0  0  0  0
   0  0]]
Uj=		 [[1, 1, 1, 1, 1, 1, 0, 0, 0, 0]]
Dk=		 [51 96 46 81 57 66 70 73 59 28 17 84 19 28 64 42 42 77 85 19 53 22 22 31 49 95 19 88 46 50 46 54 88 78 27 84 67 97 47 22 99 82 61 71 36 90 54 66 54 78]
Optim        = 126663
