Xjk=	[[ 0 13  0  0 16  0  0  0  0  0  0  0  0  0  0  0  0  0  0  0  0 29  0  0
   0  0  0 52  0  0 67  0  0 79  0  0  0  0 13  0  0  0  0  0  0  0  0  0
  71  0]
 [ 0  0 74  0  0  0  0  0  0  0  0  0  0 72  0  0  0  0  0  0  0  0  0  0
   0  0  0  0  0  0  0  0  0  0 31  0  0  0  0  0  0 82  0  0  0  0  0  0
   0 52]
 [ 0  0  0  0  0  0  0  0  0  0  0  0  0  0  0  0  0 10  0  0 99  0  0  0
   0  0 32  0  0  0  0  0 57  0  0  0  0  0  0 46  0  0  0  0  0 50  0  0
   0  0]
 [ 0  0  0  0  0  0  0  0  0  0  0 89  0  0  0  0 46  0  0  0  0  0  0  0
   0  0  0  0  0  0  0 55  0  0  0  0  0  0  0  0  0  0  0  0  0  0  0 87
   0  0]
 [ 0  0  0 10  0  0 41  0 48  0  0  0 26  0  0 14 17  0 73  0  0  0  0  0
   0  0  0  0  0  0  0  0  0  0  0  0 18  0  0  0  0  0  0 73  0  0  0  0
   0  0]
 [ 0  0  0  0 48 56  0  0  0 69  0  0  0  0  0  0  0  0  0  0  0  0 36  0
  35 30 37  0  0  0  0  0  0  0  0  0  0  0  0  0  0  1  0  0  0  0  0  0
   0  0]
 [ 0  0  0  0  0  0  0  0  0  0 73  0  0  0  0  0  0  0  0  0  0  0  0 50
   0  0  0  0  0 39  0  0  0  0  0 77  0 20  0  0  0  0 25  0  0  0  0  0
   0  0]
 [15  0  0 75  0  0  0  8  0  0  0  0  0  0  0  0  0  0  0 43  0  0  0  0
   0  6  0  0 18  0  0  0  0  0  0  0  0  0  0  0  0  0 54  0  0  0 70  0
   0  0]
 [ 0  0  0  0  0  0  0 58  0  0  0  0  0  0 64  0  0  0  0  0  0  0  0  0
   0  0  0  0  0  0  0  0  0  0  0  0  0  0  0  0 79  0  0  0 97  0  0  0
   0  0]
 [ 0  0  0  0  0  0  0  0  0  0  0  0  0  0  0  0  0  0  0  0  0  0  0  0
   0  0  0  0  0  0  0  0  0  0  0  0  0  0  0  0  0  0  0  0  0  0  0  0
   0  0]]
Uj=		 [[1, 1, 1, 1, 1, 1, 1, 1, 1, 0]]
Dk=		 [15 13 74 85 64 56 41 66 48 69 73 89 26 72 64 14 63 10 73 43 99 29 36 50 35 36 69 52 18 39 67 55 57 79 31 77 18 20 13 46 79 83 79 73 97 50 70 87 71 52]
Optim        = 105792
