Xjk=	[[99 78 77 28 28 40 69  0  0  0  0  0  0  0  0  0  0  0  0  0  0  0  0  0
   0  0  0  0  0  0  0  0  0  0  0  0  0  0  0  0  0  0  0  0  0  0  0  0
   0  0]
 [ 0  0  0  0  0  0 12 89 49 54 69 79 79 27  0  0  0  0  0  0  0  0  0  0
   0  0  0  0  0  0  0  0  0  0  0  0  0  0  0  0  0  0  0  0  0  0  0  0
   0  0]
 [ 0  0  0  0  0  0  0  0  0  0  0  0  0 19 16 81 34 45 24 98 40 64  0  0
   0  0  0  0  0  0  0  0  0  0  0  0  0  0  0  0  0  0  0  0  0  0  0  0
   0  0]
 [ 0  0  0  0  0  0  0  0  0  0  0  0  0  0  0  0  0  0  0  0  0 28 66 87
  33 68 70 19 38 16 62  0  0  0  0  0  0  0  0  0  0  0  0  0  0  0  0  0
   0  0]
 [ 0  0  0  0  0  0  0  0  0  0  0  0  0  0  0  0  0  0  0  0  0  0  0  0
   0  0  0  0  0  0 14 88 67 10 33 95 63 23 79  0  0  0  0  0  0  0  0  0
   0  0]
 [ 0  0  0  0  0  0  0  0  0  0  0  0  0  0  0  0  0  0  0  0  0  0  0  0
   0  0  0  0  0  0  0  0  0  0  0  0  0  0  9 13 44 44 33 31 48 97 58 24
  53  0]
 [ 0  0  0  0  0  0  0  0  0  0  0  0  0  0  0  0  0  0  0  0  0  0  0  0
   0  0  0  0  0  0  0  0  0  0  0  0  0  0  0  0  0  0  0  0  0  0  0  0
  40 68]
 [ 0  0  0  0  0  0  0  0  0  0  0  0  0  0  0  0  0  0  0  0  0  0  0  0
   0  0  0  0  0  0  0  0  0  0  0  0  0  0  0  0  0  0  0  0  0  0  0  0
   0  0]
 [ 0  0  0  0  0  0  0  0  0  0  0  0  0  0  0  0  0  0  0  0  0  0  0  0
   0  0  0  0  0  0  0  0  0  0  0  0  0  0  0  0  0  0  0  0  0  0  0  0
   0  0]
 [ 0  0  0  0  0  0  0  0  0  0  0  0  0  0  0  0  0  0  0  0  0  0  0  0
   0  0  0  0  0  0  0  0  0  0  0  0  0  0  0  0  0  0  0  0  0  0  0  0
   0  0]]
Uj=		 [[1, 1, 1, 1, 1, 1, 1, 0, 0, 0]]
Dk=		 [99 78 77 28 28 40 81 89 49 54 69 79 79 46 16 81 34 45 24 98 40 92 66 87 33 68 70 19 38 16 76 88 67 10 33 95 63 23 88 13 44 44 33 31 48 97 58 24 93 68]
Optim        = 163751
