Xjk=	[[96  0  0  0  0  0  0 44  0  0  0 31  0  0  0  0  0 17  0  0  0  0  0  0
   0  0  0  0  0  0 72  0  0  0  0 28  0  0 25  0  0  0  0  0  0 96  0 19
   0  0]
 [ 0  0 30  0 87  0  0  0  0 39  0  0  0  0  0  0  0  0  0  0  0  0  0  0
   0 63  0  0  0  0  0  0 87 69  0  0  0  0  0  0  0  0  0  0 57  0  0  0
   0  0]
 [ 0  0  0 40  0  0  0  0 44  0  0  0  0  0  0  0  0  0  0  0  0  0  0  0
   0  0  0  0 26  0  0  0  0  0 96  0 75  0  0  0 79  0 77  0  0  0  0  0
   0  0]
 [ 0  0  0  0  0 14  0  0  0  0  0  0  0  0  0  0  0  0  0  0 28  0  0 56
   0 28  0 41 34 82  0 24  0  0  0 23  0  0  0 44  0  0  0  0  0  0 38  0
   0 25]
 [ 0 13  0  0  0  0  0  0  0  0  0  0  0  0 45 28 41  0 70  0  0 70 14  0
   0  0  0  0  0  0  0  0  0  0  0 32  0  0  0  0  0 64  0 91  0  0  0  0
   0  0]
 [ 0  0  0  0  0  0 32  0  0  0  3  0 32 34  0  0  0  0  0 49  0  0 36  0
  27  0 78  0  0  0  0  0  0  0  0  0  0 66  0  0  0  0  0  0  0  0  0  0
  81  0]
 [ 0  0  0  0  0  0  0  0  0  0 16  0  0  0  0  0  0  0  0  0  0  0  0  0
   0  0  0  0  0  0  0  0  0  0  0  0  0  0  0  0  0  0  0  0  0  0  0  0
   0  0]
 [ 0  0  0  0  0  0  0  0  0  0  0  0  0  0  0  0  0  0  0  0  0  0  0  0
   0  0  0  0  0  0  0  0  0  0  0  0  0  0  0  0  0  0  0  0  0  0  0  0
   0  0]
 [ 0  0  0  0  0  0  0  0  0  0  0  0  0  0  0  0  0  0  0  0  0  0  0  0
   0  0  0  0  0  0  0  0  0  0  0  0  0  0  0  0  0  0  0  0  0  0  0  0
   0  0]
 [ 0  0  0  0  0  0  0  0  0  0  0  0  0  0  0  0  0  0  0  0  0  0  0  0
   0  0  0  0  0  0  0  0  0  0  0  0  0  0  0  0  0  0  0  0  0  0  0  0
   0  0]]
Uj=		 [[1, 1, 1, 1, 1, 1, 1, 0, 0, 0]]
Dk=		 [96 13 30 40 87 14 32 44 44 39 19 31 32 34 45 28 41 17 70 49 28 70 50 56 27 91 78 41 60 82 72 24 87 69 96 83 75 66 25 44 79 64 77 91 57 96 38 19 81 25]
Optim        = 110544
